(base) lima@lima-OptiPlex-7060:~/Desktop/Case$ python2 heatmap.py ./case1/fitnessOutput-05_20_10_06_47 
currentGen: 0
currentNum: 0
>1T 4.8763
../simbody/twoLegVar/build/walkerVis.o 0.882212018455 0.135301513024 0.329704208858 0.220181852035 0.05 0.0695759296869 1572.41841691 6980.00728962 756.275848922 1930.54452868 300 103.773628913 0.7 0.1 0.1 206.621529513 0.232975110653 0.684584644833 0.530119470596 0.0140095817969 -0.00213586038102

currentGen: 0
currentNum: 8
>2T 5.71967
../simbody/twoLegVar/build/walkerVis.o 0.9 0.143573098108 0.314080555733 0.287173704589 0.05 0.0767340639372 1958.45225181 9550.86242337 626.138678421 2000 300 79.9005205253 0.7 0.1 0.1 173.103181733 0.231330448342 0.585256436397 0.62759477073 0.0123991651615 -0.00240607165851

currentGen: 9
currentNum: 3
>3B 6.87906
../simbody/twoLegVar/build/walkerVis.o 0.55731081359 0.13665676626 0.25 0.208275421738 0.05 0.0974370397686 2069.21555089 8805.28081497 808.308822388 2000 300 102.298679866 0.7 0.1 0.1 197.494899539 0.242328934858 0.927523100247 0.470089222339 0.0109610156793 -0.00259646462302

currentGen: 57
currentNum: 1
>4T 6.92551
../simbody/twoLegVar/build/walkerVis.o 0.789115267794 0.281137133223 0.25 0.214021150035 0.0774110152944 0.0649178452564 1842.38239011 13708.745924 720.337046314 2000 286.960049231 71.7009333396 0.7 0.1 0.1 254.729291249 0.187030749041 0.572518593938 0.653057405996 0.0119006279872 -0.00246533638854

currentGen: 75
currentNum: 7
>5TB 8.38329
../simbody/twoLegVar/build/walkerVis.o 0.9 0.05 0.252056103956 0.396233019528 0.0873295199472 0.0601035109249 2322.98167355 7729.52856285 467.193556924 2000 300 62.3619597694 0.7 0.1 0.1 228.136859757 0.25 0.570883997809 0.437625559842 0.0110930372069 -0.00290037716041

currentGen: 235
currentNum: 0
>6B 8.65163
../simbody/twoLegVar/build/walkerVis.o 0.426285921971 0.107721737895 0.297706181289 0.3455357815 0.101519241791 0.0725014520306 2695.46673218 3000 478.799543791 1567.6667574 300 37.8483522705 0.7 0.1 0.1 203.365674862 0.25 0.72895683205 0.400247270024 -0.00583891103139 -0.000794377615679

currentGen: 290
currentNum: 4
>7T 8.78937
../simbody/twoLegVar/build/walkerVis.o 0.401913081645 0.18341979312 0.25 0.265371441715 0.0667299932934 0.05 2314.59389507 14596.3347613 520.409553533 2000 276.18465603 117.705867952 0.7 0.1 0.1 261.37949437 0.239890918219 0.306158628517 0.388161874143 0.0022033104567 -0.00181406944187


currentGen: 511
currentNum: 0
>8B 9.81097
../simbody/twoLegVar/build/walkerVis.o 0.05 0.189512187595 0.4 0.190997981786 0.0701936128904 0.073707006451 2316.44795594 7607.2914606 283.474434468 551.26538874 300 27.4328652075 0.7 0.1 0.1 245.674336467 0.25 0.772796895348 0.442431245886 0.00626358873414 -0.00198439269675

currentGen: 593
currentNum: 4
>9B 10.7566
../simbody/twoLegVar/build/walkerVis.o 0.05 0.150160910727 0.4 0.146325426525 0.0511738728419 0.05 2152.73387117 3621.52630811 432.404874324 579.123225276 300 25.9501236582 0.7 0.1 0.1 322.189375208 0.25 0.897893706574 0.416466807458 0.000181746264778 -0.00237926826616

currentGen: 612
currentNum: 3
>10B 11.2675
../simbody/twoLegVar/build/walkerVis.o 0.05 0.185867226802 0.303003144451 0.174636243394 0.0566019327171 0.05 2018.92323548 12716.4263027 240.995598631 695.014416261 300 24.1044972645 0.7 0.1 0.1 235.547598245 0.25 0.739751383496 0.352331248221 -0.0116484422736 -0.00266403749368

currentGen: 656
currentNum: 14
>11B 11.5551
../simbody/twoLegVar/build/walkerVis.o 0.05 0.177291659772 0.4 0.248616125507 0.0547453330115 0.05 2906.50748179 3326.04101207 226.955966518 793.003268553 300 33.3756143898 0.7 0.1 0.1 345.855657097 0.25 0.685415875606 0.401985553777 -4.65091359129e-05 -0.00239248137504

currentGen: 666
currentNum: 12
>12B 12.8743
../simbody/twoLegVar/build/walkerVis.o 0.05 0.166869160678 0.4 0.153460282974 0.0509957537942 0.0545170762475 2766.04461915 3473.78366009 296.401847423 686.063246914 300 29.3801096596 0.7 0.1 0.1 370.160150778 0.25 0.875055673707 0.470715531637 0.00246652603317 -0.0025816938879

currentGen: 976
currentNum: 9
>13B 13.7964
../simbody/twoLegVar/build/walkerVis.o 0.05 0.19095686758 0.341137224963 0.177142224304 0.0562281309216 0.05 2862.02839955 7740.5747492 269.139974061 560.79029763 300 28.3685490443 0.7 0.1 0.1 377.428113159 0.25 0.822973664271 0.454535304581 0.00320796084315 -0.00217914545975

currentGen: 1028
currentNum: 3
>14B 13.9941
../simbody/twoLegVar/build/walkerVis.o 0.05 0.162785364821 0.4 0.131550725467 0.05 0.05 2288.81300911 10874.5848701 220.122990555 447.429501355 300 21.9582369305 0.7 0.1 0.1 297.31995719 0.25 0.852322913023 0.377428395323 -0.00625635091279 -0.00349098972946

currentGen: 1031
currentNum: 10
>15B 15.5077
../simbody/twoLegVar/build/walkerVis.o 0.05 0.187100080985 0.4 0.0978949359532 0.05 0.05 3299.08384375 9166.00384058 309.724376252 644.169348419 300 32.393956449 0.7 0.1 0.1 267.436590409 0.230309090819 0.90367893633 0.385239144017 -0.00676221162377 -0.00268594175034

currentGen: 2660
currentNum: 9
>16B 15.6654
../simbody/twoLegVar/build/walkerVis.o 0.05 0.167993273781 0.380379914825 0.130695366361 0.05 0.05 2965.55007359 9454.41965651 293.326731195 677.452694142 214.684848257 28.5828839814 0.7 0.1 0.1 366.066560779 0.214605113476 0.85517336799 0.463140640222 -0.000723509094489 -0.00219365876531

currentGen: 3311
currentNum: 8
>17B 16.0027
../simbody/twoLegVar/build/walkerVis.o 0.05 0.147377362656 0.4 0.115597478179 0.05 0.05 2252.51085872 8829.22971094 213.531812842 562.691905214 193.830042191 21.786082209 0.7 0.1 0.1 265.176237971 0.25 0.747506365784 0.342661026362 0.000692617282428 -0.00327581208485

currentGen: 3901
currentNum: 14
>18B 17.2539
../simbody/twoLegVar/build/walkerVis.o 0.05 0.156398010746 0.302220456309 0.100978023644 0.0510700289482 0.05 4176.79430623 6400.40775158 277.607543561 342.769698889 300 27.3481967559 0.7 0.1 0.1 393.498117782 0.219684180719 0.718563511071 0.320443694415 0.00223856113158 -0.00212975727548

count: 18

add data
2400
>>>
*** Robot ID: ***
2400_9
Fitness:
8.51216
Parent(s)
Parent 1: 2023_7
Output:
8.51216
Error:

{'ankleMass': 0.1, 'kneeMass': 0.7, 'halfFootBodyX': 0.13997981443963592, 'stableTolerance': 0.25, 'hipMass': 0.1, 'stepK': 322.63029055357407, 'standOffset': 0.005090981997511643, 'bodyStraightL': 17.067724435832126, 'bodyStraightK': 300, 'stepOffset': -0.002179145459747376, 'femurLength': 0.41270137631290893, 'lambda1': 192.57536356175876, 'tibiaLength': 0.914377576618199, 'k1': 2963.554200498665, 'halfFootBodyY': 0.0769823091934587, 'halfBodyX': 0.05, 'halfBodyY': 0.18743676742023624, 'halfBodyZ': 0.2773542326979162, 'k2': 8179.920835545135, 'halfFootBodyZ': 0.05, 'lambda2': 375.8690852518645}
Command:
../simbody/twoLegVar/build/walkerVis.o 0.05 0.18743676742 0.277354232698 0.13997981444 0.0769823091935 0.05 2963.5542005 8179.92083555 192.575363562 375.869085252 300 17.0677244358 0.7 0.1 0.1 322.630290554 0.25 0.914377576618 0.412701376313 0.00509098199751 -0.00217914545975
../simbody/twoLegVar/build/walker.o 0.05 0.18743676742 0.277354232698 0.13997981444 0.0769823091935 0.05 2963.5542005 8179.92083555 192.575363562 375.869085252 300 17.0677244358 0.7 0.1 0.1 322.630290554 0.25 0.914377576618 0.412701376313 0.00509098199751 -0.00217914545975


3200
>>>
*** Robot ID: ***
3200_4
Fitness:
7.00352
Parent(s)
Parent 1: 1031_11
Output:
7.00352
Error:

{'ankleMass': 0.1, 'kneeMass': 0.7, 'halfFootBodyX': 0.13660547525267105, 'stableTolerance': 0.2211488602154416, 'hipMass': 0.1, 'stepK': 265.58112617046663, 'standOffset': -0.005511200948294719, 'bodyStraightL': 32.39395644900576, 'bodyStraightK': 300, 'stepOffset': -0.0026618919800080257, 'femurLength': 0.3522398948160515, 'lambda1': 396.5949640963482, 'tibiaLength': 0.859615635092886, 'k1': 3299.08384374689, 'halfFootBodyY': 0.05, 'halfBodyX': 0.05, 'halfBodyY': 0.16363233544368982, 'halfBodyZ': 0.4, 'k2': 9142.57715053758, 'halfFootBodyZ': 0.062435625511689935, 'lambda2': 384.5045512309042}
Command:
../simbody/twoLegVar/build/walkerVis.o 0.05 0.163632335444 0.4 0.136605475253 0.05 0.0624356255117 3299.08384375 9142.57715054 396.594964096 384.504551231 300 32.393956449 0.7 0.1 0.1 265.58112617 0.221148860215 0.859615635093 0.352239894816 -0.00551120094829 -0.00266189198001
../simbody/twoLegVar/build/walker.o 0.05 0.163632335444 0.4 0.136605475253 0.05 0.0624356255117 3299.08384375 9142.57715054 396.594964096 384.504551231 300 32.393956449 0.7 0.1 0.1 265.58112617 0.221148860215 0.859615635093 0.352239894816 -0.00551120094829 -0.00266189198001

3999
>>>
*** Robot ID: ***
3999_5
Fitness:
6.78422
Parent(s)
Parent 1: 3272_14
Output:
6.78422
Error:

{'ankleMass': 0.1, 'kneeMass': 0.7, 'halfFootBodyZ': 0.06286165664101724, 'stableTolerance': 0.24740455609724413, 'hipMass': 0.1, 'bodyStraightK': 300, 'standOffset': -0.005892398638303976, 'bodyStraightL': 30.694894874437534, 'stepK': 349.261551359765, 'stepOffset': -0.0032336033006835864, 'femurLength': 0.37463051876772746, 'tibiaLength': 0.7965509690932661, 'k1': 3003.509862357498, 'halfBodyX': 0.19819403734907587, 'halfBodyY': 0.16554449394243095, 'halfFootBodyX': 0.17780925817170712, 'halfFootBodyY': 0.05, 'halfBodyZ': 0.3816412677079276, 'k2': 5711.7157459914315, 'lambda1': 524.406243233061, 'lambda2': 1193.2955595209442}
Command:
../simbody/twoLegVar/build/walkerVis.o 0.198194037349 0.165544493942 0.381641267708 0.177809258172 0.05 0.062861656641 3003.50986236 5711.71574599 524.406243233 1193.29555952 300 30.6948948744 0.7 0.1 0.1 349.26155136 0.247404556097 0.796550969093 0.374630518768 -0.0058923986383 -0.00323360330068
../simbody/twoLegVar/build/walker.o 0.198194037349 0.165544493942 0.381641267708 0.177809258172 0.05 0.062861656641 3003.50986236 5711.71574599 524.406243233 1193.29555952 300 30.6948948744 0.7 0.1 0.1 349.26155136 0.247404556097 0.796550969093 0.374630518768 -0.0058923986383 -0.00323360330068


