(base) lima@lima-OptiPlex-7060:~/Desktop/Case$ python2 heatmap.py ./case1/fitnessOutput-05_23_13_24_45 
currentGen: 0
currentNum: 0
bump 1 >>> tripod
4.8763 

currentGen: 0
currentNum: 11
bump 2 >>> biped
5.29617 
../simbody/twoLegVar/build/walkerVis.o 0.387977915302 0.103300312139 0.343421455491 0.293710248281 0.05 0.0782263253245 1572.86753215 7930.79481545 779.214248478 1763.246616 300 102.552282606 0.7 0.1 0.1 176.781622653 0.25 0.684584644833 0.452152761114 0.0134260196585 -0.00305003876793

currentGen: 7
currentNum: 6
bump 3 >>>tripod
7.82615 
../simbody/twoLegVar/build/walkerVis.o 0.499294017629 0.171189759094 0.25 0.301216484294 0.0592601261473 0.0831391677709 1857.0205195 7930.79481545 968.14888789 1577.21275878 286.004465751 111.830731207 0.7 0.1 0.1 177.733249284 0.228930078583 0.355789963709 0.428251335411 0.0082067125609 -0.00308738832154

currentGen: 179
currentNum: 14
bump 4 >>> biped
8.37303 
../simbody/twoLegVar/build/walkerVis.o 0.05 0.178122875628 0.351906201015 0.372229261252 0.0783540469033 0.05 2188.65784605 6504.74081705 636.543593284 902.039712633 300 37.1808825769 0.7 0.1 0.1 187.947352005 0.25 0.610665393052 0.424542977274 0.0156956559422 -0.00302796133846

currentGen: 185
currentNum: 12
bump 5 >>> tripod
8.45178 
../simbody/twoLegVar/build/walkerVis.o 0.467624071298 0.124400296161 0.4 0.257603239552 0.0539695298341 0.106075949654 1749.13756187 11939.9833936 948.498935614 1822.00388291 196.276104341 54.3948498157 0.7 0.1 0.1 204.367133906 0.230698970021 0.322416520627 0.353560367169 0.00787826030362 -0.00315878301344

currentGen: 290
currentNum: 12
bump 6 >>> tripod
9.517 
../simbody/twoLegVar/build/walkerVis.o 0.314110829757 0.154063208084 0.4 0.250304342177 0.0521356813209 0.076781264144 2395.5668812 9190.18970687 1024.83606903 1911.00194145 224.245829899 45.5191436779 0.7 0.1 0.1 134.196607037 0.25 0.23734154578 0.33497714201 0.0129092209321 -0.0033062757093

currentGen: 616
currentNum: 13
bump 7 >>> biped
9.70861 
../simbody/twoLegVar/build/walkerVis.o 0.05 0.158820407022 0.325 0.369842491268 0.0714260992229 0.05 2232.94809839 4690.97000496 474.77297086 368.85222761 239.12132267 15.449578565 0.7 0.1 0.1 235.175540864 0.207552578255 0.633898985231 0.349016011744 0.020178229083 -0.00284939944621

currentGen: 634
currentNum: 14
bump 8 >>> biped
10.9065 
../simbody/twoLegVar/build/walkerVis.o 0.05 0.16450435859 0.388791327108 0.374842679831 0.05 0.067193559154 3003.71964435 3000 587.270985123 406.888946312 273.455555375 25.932629322 0.7 0.1 0.1 266.371941967 0.25 0.509580531761 0.590098214905 0.0152483479843 -0.00303239746384

currentGen: 717
currentNum: 10
bump 9 >>> biped
11.1968 
../simbody/twoLegVar/build/walkerVis.o 0.05 0.159842826335 0.372049732809 0.4 0.0678908476314 0.05 2890.48061047 3808.57866793 550.237309646 249.09307624 276.208300462 25.3302004596 0.7 0.1 0.1 255.858657016 0.228776289128 0.606327265413 0.390643511905 0.0210149785727 -0.00264136066477

currentGen: 877
currentNum: 10
bump 10 >>> biped
12.6307 
../simbody/twoLegVar/build/walkerVis.o 0.05 0.145849043715 0.4 0.397566197387 0.0518293495205 0.0568097413237 2941.14178542 3655.58252403 472.535835954 185.861087118 254.408911444 19.2970536841 0.7 0.1 0.1 279.692989385 0.25 0.488609853921 0.594707357871 0.0174752106999 -0.0027497274244

currentGen: 1296
currentNum: 6
bump 11 >>> biped
14.8376 
../simbody/twoLegVar/build/walkerVis.o 0.05 0.163655379717 0.25 0.150944483812 0.05 0.0689357016709 3021.9995877 6108.78038972 277.473196842 475.737846938 210.082646548 24.7254037048 0.7 0.1 0.1 425.801335719 0.25 0.662227930947 0.382456042287 0.020512802657 -0.00326754602472

currentGen: 1810
currentNum: 15
bump 12 >>> biped
15.429 
../simbody/twoLegVar/build/walkerVis.o 0.05 0.174689170863 0.302461973148 0.225772579993 0.05 0.064383279016 2984.21820359 6818.39453592 318.048058392 551.817735769 283.233884056 28.8529512583 0.7 0.1 0.1 457.657071199 0.152108673643 0.689145027407 0.389105308834 0.0164600865765 -0.00205560703417

currentGen: 1949
currentNum: 5
bump 13 >>> biped
15.4572 
../simbody/twoLegVar/build/walkerVis.o 0.05 0.193015081318 0.25 0.182918356171 0.0560929954813 0.0719524003126 2761.92988995 4303.25525419 256.748781297 311.955111831 240.849322844 31.1487508467 0.7 0.1 0.1 605.460884004 0.185824960889 0.752103022097 0.474838002372 0.0113989033162 -0.00346912540589

currentGen: 2249
currentNum: 5
bump 14 >>> biped
15.8673 
../simbody/twoLegVar/build/walkerVis.o 0.05 0.183572646308 0.25 0.148481799918 0.0550453966458 0.05 3267.46851181 8533.56134028 369.345164258 492.11145037 241.72267895 36.1169551367 0.7 0.1 0.1 641.496262958 0.25 0.867838487922 0.474113455481 0.0140698369434 -0.0021904157466

currentGen: 2345
currentNum: 6
bump 15 >>> biped
16.1766 
../simbody/twoLegVar/build/walkerVis.o 0.05 0.24895010932 0.25 0.162719789084 0.05 0.05 3707.13066062 8692.45860931 369.345164258 551.436765201 247.590468256 36.1169551367 0.7 0.1 0.1 634.253548842 0.25 0.940948941185 0.549690014194 0.0140698369434 -0.0020682545126

currentGen: 2571
currentNum: 12
bump 16 >>> biped
16.1981 
../simbody/twoLegVar/build/walkerVis.o 0.05 0.182281156318 0.261753217333 0.187727400458 0.0567334801257 0.0554972104158 2975.37706584 6968.82817195 336.874036382 471.840977708 184.983753619 22.0548442402 0.7 0.1 0.1 491.729276346 0.25 0.770470692224 0.461606262645 0.0164670570232 -0.00281974296161

currentGen: 3246
currentNum: 15
bump 17 >>> biped
18.472 
../simbody/twoLegVar/build/walkerVis.o 0.05 0.209437655967 0.25 0.173347441682 0.0543406513863 0.0772254555887 3789.29560696 8185.85137715 275.861081527 494.63884098 246.781159767 43.9517889205 0.7 0.1 0.1 614.324927963 0.22318649944 0.684874267119 0.418289857809 0.0107298191401 -0.00263428179434

count: 17


2400
>>>

3200
>>>

3999
>>>

