(base) lima@lima-OptiPlex-7060:~/Desktop/Case$ python2 heatmap.py ./case1/fitnessOutput-05_26_10_46_40 
bump 1 >>> tripod
currentGen:
0_0
maxFitness:
4.8763

bump 2 >>> biped
currentGen:
4_13
maxFitness:
4.88662
../simbody/twoLegVar/build/walkerVis.o 0.759279336838 0.05 0.320509241538 0.269034509377 0.05 0.0857445555401 1546.62109362 6739.5510202 686.804335785 2000 254.87117307 90.5829422573 0.7 0.1 0.1 193.636814702 0.25 0.707808446576 0.517180061423 0.0188140730373 -0.00171475889158

bump 3 >>> biped
currentGen:
9_2
maxFitness:
5.08347
../simbody/twoLegVar/build/walkerVis.o 0.779408432669 0.0645933192183 0.39763445135 0.259115301966 0.05 0.134124710553 2050.78266215 8585.94951036 1017.10325709 1276.20617568 228.336824752 81.9267474487 0.7 0.1 0.1 258.399250419 0.187045337624 0.695338935541 0.498332808874 0.0187339537011 -0.00222186508753

bump 4 >>> bipedal-tripod
currentGen:
10_14
maxFitness:
5.27927
../simbody/twoLegVar/build/walkerVis.o 0.9 0.0589547543023 0.4 0.222432704496 0.0742092624947 0.0975338523345 1579.4377494 9055.44641922 807.371214396 1495.96802754 256.736065267 90.3039261677 0.7 0.1 0.1 199.768093841 0.171604147152 0.701486780149 0.545319531854 0.0156005916192 -0.00109152567432

bump 5 >>> biped
currentGen:
16_11
maxFitness:
5.81012
../simbody/twoLegVar/build/walkerVis.o 0.814559488984 0.0838459046665 0.317061582115 0.252996307434 0.0667004714487 0.1255612958 1306.03585484 7034.66290991 604.399962519 1199.42865526 300 105.647722915 0.7 0.1 0.1 197.837376021 0.205309927117 0.783445101517 0.54044669955 0.0115344008638 -0.00106528138332

bump 6 >>> tripod
currentGen:
63_7
maxFitness:
5.8153
../simbody/twoLegVar/build/walkerVis.o 0.88337587134 0.12742166407 0.270735263878 0.289418099612 0.0560128206086 0.115027489073 1770.18034349 12692.907296 1059.56864229 838.000768833 300 88.4538914299 0.7 0.1 0.1 253.25794416 0.24441690981 0.606282338142 0.473477319661 0.013260156075 -0.00111877534807

bump 7 >>> bipedal-tripod
currentGen:
66_3
maxFitness:
5.81936
../simbody/twoLegVar/build/walkerVis.o 0.705724523659 0.0795951798254 0.4 0.27742784996 0.0719744918392 0.0869293949166 1894.68409209 8697.04687912 848.617629349 985.24995622 300 94.823617706 0.7 0.1 0.1 169.702483407 0.25 0.602961236163 0.493942033552 0.0170473076568 -0.00201249020899

bump 8 >>> bipedal-tripod
currentGen:
70_14
maxFitness:
6.83911
../simbody/twoLegVar/build/walkerVis.o 0.676861424077 0.0972966491632 0.4 0.341396887479 0.0670296880035 0.106751878333 1601.89073344 11481.5744365 777.951519377 935.556096913 300 92.160079564 0.7 0.1 0.1 212.321630862 0.21981837101 0.526963938382 0.563735729899 0.0166319211702 -0.00222718795586

bump 9 >>> tripod
currentGen:
161_2
maxFitness:
7.14053
../simbody/twoLegVar/build/walkerVis.o 0.658128792455 0.211992776357 0.25 0.301714052347 0.0615574971175 0.0504971881048 1311.29717768 9137.63622479 1091.09375533 2000 141.76973926 127.42905464 0.7 0.1 0.1 226.717488469 0.239367895245 0.445706071329 0.55751607555 0.0157927950408 -0.00185112947104

bump 10 >>> biped
currentGen:
270_7
maxFitness:
8.29802
../simbody/twoLegVar/build/walkerVis.o 0.268295236588 0.190991209004 0.25 0.4 0.0634118906523 0.10278556423 4124.99169411 13024.0061868 414.226753981 1547.25841719 267.975466367 62.7394543091 0.7 0.1 0.1 226.971066228 0.209476611672 0.595724880696 0.52837918892 0.00746390284149 -0.00163850411187

bump 11 >>> biped
currentGen:
451_3
maxFitness:
8.42108
../simbody/twoLegVar/build/walkerVis.o 0.21309634744 0.21241970134 0.25 0.381193187388 0.0634118906523 0.10278556423 4124.99169411 10664.9327659 527.557062517 2000 300 53.0194737868 0.7 0.1 0.1 232.282191784 0.209476611672 0.597625551144 0.516812144014 0.00751928868506 -0.00140267756541

bump 12 >>> biped
currentGen:
571_13
maxFitness:
9.58285
../simbody/twoLegVar/build/walkerVis.o 0.154166020185 0.207306743919 0.269095420329 0.385046287079 0.05 0.10011407415 4120.56930415 15577.0848803 536.021325459 1364.39527022 300 56.3120313919 0.7 0.1 0.1 311.786907026 0.213747600804 0.637676976422 0.387823490728 0.00626921880484 -0.00097150459729

bump 13 >>> biped
currentGen:
641_1
maxFitness:
10.0945
../simbody/twoLegVar/build/walkerVis.o 0.250098500529 0.140082441155 0.4 0.4 0.0540478098158 0.05 4623.17654661 11530.9994307 814.782426563 1504.19856941 300 48.0159727778 0.7 0.1 0.1 210.829120121 0.235323608763 0.561757615848 0.339755816591 0.00735524149652 -0.00251791518111

bump 14 >>> biped
currentGen:
719_13
maxFitness:
10.2861
../simbody/twoLegVar/build/walkerVis.o 0.126243560972 0.144415050971 0.4 0.249827306131 0.053745442682 0.0559085283747 4065.77483366 13653.7056386 821.496496387 610.189635339 265.541069828 28.2782080831 0.7 0.1 0.1 235.341343727 0.160424105436 0.740367110429 0.367382490988 0.0176775871859 -0.00209612717075

bump 15 >>> biped
currentGen:
721_7
maxFitness:
11.5132
../simbody/twoLegVar/build/walkerVis.o 0.05 0.226956455574 0.397273993178 0.4 0.05 0.0665906215921 3818.73152396 10539.1412079 695.700637232 620.425686367 300 33.9989640129 0.7 0.1 0.1 281.923927312 0.163804741845 0.647776689324 0.357230550286 0.0186584012577 -0.0021499714949

bump 16 >>> biped
currentGen:
799_3
maxFitness:
13.1865
../simbody/twoLegVar/build/walkerVis.o 0.0657903750491 0.207898660651 0.25 0.370773671021 0.05 0.0586807441473 4051.59228449 12998.9628623 496.286531567 513.41784201 290.982523468 27.094116154 0.7 0.1 0.1 291.507724327 0.166943723266 0.601555436374 0.373295867365 0.0210891911145 -0.00114249431326

bump 17 >>> biped
currentGen:
916_5
maxFitness:
16.3282
../simbody/twoLegVar/build/walkerVis.o 0.05 0.173863857275 0.362526537838 0.168233322087 0.05 0.05 5583.23485975 13843.9129335 785.531323225 588.984617694 300 29.5495122519 0.7 0.1 0.1 358.162907152 0.184547922162 0.765102263829 0.366734801888 0.0240335000738 -0.00127101026535

bump 18 >>> biped
currentGen:
970_15
maxFitness:
17.4638
../simbody/twoLegVar/build/walkerVis.o 0.05 0.179937127636 0.389738294118 0.262639264807 0.05 0.05 4679.34803512 10051.770165 512.321751312 735.495074467 286.77352395 24.011062926 0.7 0.1 0.1 376.715965805 0.237485093202 0.703822295508 0.386153035753 0.0135447950311 -0.00235593554121

bump 19 >>> biped
currentGen:
2347_9
maxFitness:
17.5451
../simbody/twoLegVar/build/walkerVis.o 0.05 0.153336513822 0.4 0.178018288132 0.05 0.05 4553.68735033 10162.1687068 509.900779104 452.37650168 300 26.9808453539 0.7 0.1 0.1 422.334645763 0.25 0.726048197458 0.397387581362 0.0147733011921 -0.0014494097217

bump 20 >>> biped
currentGen:
3438_2
maxFitness:
18.8213
../simbody/twoLegVar/build/walkerVis.o 0.05 0.186036237171 0.301536651964 0.102712787783 0.05 0.05 4833.09327165 11573.0193825 420.15877485 683.514780005 300 26.9808453539 0.7 0.1 0.1 339.2964608 0.25 0.770252243485 0.320825961674 0.0162827778545 -0.00190043331506

count: 20

2400
>>>

3200
>>>

3999
>>>