(base) lima@lima-OptiPlex-7060:~/Desktop/Case$ python2 heatmap.py ./case2/fitnessOutput-05_27_23_27_40 
bump 1 >>> tripod
currentGen:
0_0
maxFitness:
4.8763

bump 2 >>> bipedal-tripod
currentGen:
5_11
maxFitness:
5.77006
../simbody/twoLegVar/build/walkerVis.o 0.419002270417 0.14254382651 0.339195395323 0.259986927332 0.0704308768627 0.070950378784 2099.42949461 7256.07785499 629.830713708 557.172211926 300 82.5933072119 0.7 0.1 0.1 241.113782273 0.150331823981 0.529534635097 0.413998160989 0.0196178236861 -0.00248374546064

bump 3 >>> biped
currentGen:
15_2
maxFitness:
6.21072
../simbody/twoLegVar/build/walkerVis.o 0.543548446404 0.0825720223118 0.343209612095 0.328913698958 0.05 0.0920775820709 1732.96704022 5678.50096669 659.184836585 1930.54452868 300 98.7674881292 0.7 0.1 0.1 148.955600894 0.231759675017 0.684584644833 0.530119470596 0.00920998374095 -0.00238252477184

bump 4 >>> tripod
currentGen:
23_3
maxFitness:
6.66605
../simbody/twoLegVar/build/walkerVis.o 0.9 0.125790506573 0.268345682252 0.279410865137 0.05 0.0618041961783 1315.15036487 5934.02411155 573.157359223 1841.31736077 300 92.7386516019 0.7 0.1 0.1 225.699848495 0.25 0.664449292169 0.537031680105 0.0153897191702 -0.00257226065517

bump 5 >>> biped
currentGen:
39_13
maxFitness:
7.53069
../simbody/twoLegVar/build/walkerVis.o 0.610676053951 0.0581430055779 0.4 0.344926218456 0.0702976469043 0.0810272564639 1902.72110279 6836.65372454 558.478147684 2000.0 300.0 88.5929032299 0.7 0.1 0.1 225.063866031 0.25 0.826736978962 0.516962646766 0.00551227797719 -0.0018924669577

bump 6 >>> biped
currentGen:
324_10
maxFitness:
7.82562
../simbody/twoLegVar/build/walkerVis.o 0.277446719996 0.134076812976 0.348886400844 0.4 0.0752078569787 0.0867915396054 2168.81041513 8718.65951714 563.92431653 647.340468642 300 56.0117696291 0.7 0.1 0.1 157.653419652 0.23059894595 0.664681507124 0.338518134418 0.0218881527323 -0.00125757753445

bump 7 >>> biped
currentGen:
437_12
maxFitness:
8.33727
../simbody/twoLegVar/build/walkerVis.o 0.151747732479 0.185852308083 0.301400223102 0.360836206726 0.0945154437247 0.05 2026.04796304 4924.60398748 434.529448176 529.172793993 300 27.5367332184 0.7 0.1 0.1 268.726394409 0.25 0.795656575112 0.407024125932 0.0205597805217 -0.00137859319847

bump 8 >>> biped
currentGen:
437_15
maxFitness:
9.00041
../simbody/twoLegVar/build/walkerVis.o 0.05 0.137052071449 0.364018099721 0.4 0.0687443436839 0.117870864426 2146.88843544 6336.58375178 465.90562564 778.607335597 300 29.1731278532 0.7 0.1 0.1 284.090515665 0.25 0.582540700141 0.420707830608 0.0123674803535 -0.00116718681879

bump 9 >>> biped
currentGen:
479_2
maxFitness:
9.54253
../simbody/twoLegVar/build/walkerVis.o 0.05 0.211988888142 0.368775370485 0.342316293019 0.0615907762315 0.05 2031.15274215 5662.47177109 200.372837933 431.745963121 292.69558898 28.9553865548 0.7 0.1 0.1 239.374681073 0.221471810012 0.816092119909 0.453045840109 0.0185358459667 -0.00235864782118

bump 10 >>> biped
currentGen: 
490_11
maxFitness:
9.54731
../simbody/twoLegVar/build/walkerVis.o 0.0583462059488 0.211988888142 0.291817830077 0.289792690224 0.05 0.05 1975.71352944 3019.09645307 343.086138675 459.083824132 255.524479212 23.9789262752 0.7 0.1 0.1 268.724058306 0.25 0.890920027349 0.433925040392 0.0177303787199 -0.00227479593427

bump 11 >>> biped
currentGen:
514_8
maxFitness:
10.2308
../simbody/twoLegVar/build/walkerVis.o 0.0944818827228 0.158203291737 0.349837584449 0.4 0.0609407028718 0.0576893987968 1848.90140434 5373.31976799 413.492751393 464.176458805 300 26.7486700172 0.7 0.1 0.1 289.300017026 0.25 0.671031845054 0.355603679696 0.0218491508811 -0.00124585144865

bump 12 >>> biped
currentGen:
537_13
maxFitness:
10.693
../simbody/twoLegVar/build/walkerVis.o 0.05 0.231219420891 0.359004582495 0.4 0.0554703514359 0.05 2403.81164303 6152.22986286 395.265129406 660.788049062 300 29.7186708387 0.7 0.1 0.1 253.327733453 0.25 0.795994233194 0.408736505116 0.023177771098 -0.00104529091721

bump 13 >>> biped
currentGen:
557_5
maxFitness:
11.6832
../simbody/twoLegVar/build/walkerVis.o 0.05 0.159906419047 0.251187121225 0.358710500669 0.0525626480259 0.05 1513.26104217 6232.89571285 267.734520359 478.373554735 300 22.9634508304 0.7 0.1 0.1 240.021903546 0.25 0.671031845054 0.374919293235 0.0218491508811 -0.000821853200449

bump 14 >>> biped
currentGen:
724_1
maxFitness:
11.7581
../simbody/twoLegVar/build/walkerVis.o 0.05 0.159906419047 0.4 0.314306979733 0.0615345457068 0.05 1513.26104217 6228.31875108 178.915371575 575.406311291 300 22.9634508304 0.7 0.1 0.1 240.290752741 0.25 0.671031845054 0.374202856458 0.01842004964 -0.000655705323888

bump 15 >>> biped
currentGen:
748_1
maxFitness:
12.4176
../simbody/twoLegVar/build/walkerVis.o 0.05 0.20468743611 0.296597094048 0.176045936084 0.0534610772815 0.0814196605158 2409.06626913 8681.77724622 403.642499494 428.422014776 300 29.8397633713 0.7 0.1 0.1 333.303220493 0.186118649691 0.789840840699 0.409794019272 0.0307584798807 -0.00071477754768

bump 16 >>> biped
currentGen:
761_9
maxFitness:
13.2286
../simbody/twoLegVar/build/walkerVis.o 0.05 0.207801120156 0.364058647845 0.189369023506 0.0534610772815 0.053785979479 2203.68718139 9732.6358537 288.227261423 506.871203104 243.641062294 24.7696314158 0.7 0.1 0.1 269.805881259 0.186118649691 0.84846445346 0.409794019272 0.0326299655189 -0.000197291336835

bump 17 >>> biped
currentGen:
825_16
maxFitness:
16.6463
../simbody/twoLegVar/build/walkerVis.o 0.05 0.195828676403 0.25 0.259225563761 0.05 0.05 2252.76228011 9167.51397057 311.203830973 602.637063189 300 23.2664441449 0.7 0.1 0.1 312.208135951 0.25 0.719475582504 0.352953252903 0.0258550749448 -0.00163343186713

bump 18 >>> biped
currentGen:
1362_15
maxFitness:
16.7637
../simbody/twoLegVar/build/walkerVis.o 0.0589642060194 0.19113358557 0.27361423152 0.208749417224 0.05 0.05 2313.79531588 8823.53764758 281.935654506 556.881587139 300 33.8097738962 0.7 0.1 0.1 447.592405567 0.237310918156 0.787263308878 0.419525337712 0.0212359205644 -0.00138915983026

count: 18

2400
>>>

3200
>>>

3999
>>>