(base) lima@lima-OptiPlex-7060:~/Desktop/Case$ python2 heatmap.py ./case2/fitnessOutput-05_28_16_31_22 
bump 1 >>> tripod
currentGen:
0_0
maxFitness:
4.8763

bump 2 >>> tripod
currentGen:
4_12
maxFitness:
5.57342
../simbody/twoLegVar/build/walkerVis.o 0.787000793351 0.117144236112 0.4 0.189047723074 0.05 0.109661158362 1183.74294366 10833.6116952 781.384669103 2000 282.76685514 97.811782592 0.7 0.1 0.1 169.306817144 0.24894496845 0.593013764446 0.424116210857 0.010884354529 -0.00210142364689

bump 3 >>> biped
currentGen:
29_8
maxFitness:
6.60978
../simbody/twoLegVar/build/walkerVis.o 0.604169890486 0.085834016188 0.25 0.220455620899 0.05 0.05 2574.52284482 3000 620.853926975 2000 300 82.7611365293 0.7 0.1 0.1 146.437550373 0.249240538396 0.858782151053 0.478092117087 0.014173498858 -0.00230809698648

bump 4 >>> biped
currentGen:
88_2
maxFitness:
6.74647
../simbody/twoLegVar/build/walkerVis.o 0.721464178202 0.0824028727489 0.25 0.330610795312 0.0579865632654 0.05 2383.67563143 4412.40020274 620.853926975 2000 300 74.6985077023 0.7 0.1 0.1 108.487219515 0.216327155486 0.777274352001 0.42820005118 0.0147901406691 -0.00224747976067

bump 5 >>> tripod
currentGen:
128_8
maxFitness:
6.83384
../simbody/twoLegVar/build/walkerVis.o 0.583145596274 0.165976969606 0.25 0.202784716294 0.05 0.162531588985 944.15550641 15530.1054303 1022.89570856 1771.12725471 191.995806945 69.9005852078 0.7 0.1 0.1 355.608373388 0.19548684572 0.387174823599 0.406413313488 0.0143784315962 -0.00164221555307

bump 6 >>> tripod
currentGen:
255_12
maxFitness:
7.29106
../simbody/twoLegVar/build/walkerVis.o 0.419099705962 0.182570140087 0.25 0.141731578988 0.05 0.123979429693 922.656067942 17039.9867437 1031.83616687 1658.21391444 239.738020859 76.8201900725 0.7 0.1 0.1 428.619189063 0.194451910526 0.344973108132 0.355649115694 0.0150191398103 -0.00177288054582

bump 7 >>> tripod
currentGen:
365_16
maxFitness:
7.32023
../simbody/twoLegVar/build/walkerVis.o 0.662929355903 0.129868762436 0.321183132587 0.13295371349 0.05 0.15423106433 967.024991876 17044.7634259 972.356241522 2000 275.819012819 90.1113864283 0.7 0.1 0.1 437.928779454 0.25 0.461838045839 0.295047765051 0.013823777557 -0.00197901968909

bump 8 >>> tripod
currentGen:
425_2
maxFitness:
9.06482
../simbody/twoLegVar/build/walkerVis.o 0.607883953458 0.086981529554 0.298329900155 0.320348946791 0.05 0.111659267375 1009.96122655 19748.9058651 622.975900709 2000 235.942761228 98.4415895545 0.7 0.1 0.1 278.167323199 0.20732121765 0.313043378271 0.322630297245 0.0101899601322 -0.00158627773097

bump 9 >>> tripod
currentGen:
635_11
maxFitness:
9.08488
../simbody/twoLegVar/build/walkerVis.o 0.573989271062 0.05 0.363866978102 0.341188957083 0.101776234322 0.103653780497 2025.60506546 16947.4659743 577.885089709 1957.15310729 293.908690541 98.6069913076 0.7 0.1 0.1 240.914377196 0.227744253173 0.285121507965 0.346620034125 0.0117754000227 -0.00235183584097

bump 10 >>> tripod
currentGen:
719_15
maxFitness:
9.24906
../simbody/twoLegVar/build/walkerVis.o 0.7 0.0558952752515 0.277480110648 0.334801226302 0.119528296069 0.124535058888 2640.44223589 16389.3665072 420.436587064 1281.42477944 300 75.8764624061 0.7 0.1 0.1 218.058565803 0.231049589584 0.283952479609 0.342868100686 0.0133212715882 -0.00320242903132

bump 11 >>> tripod
currentGen:
721_2
maxFitness:
9.33876
../simbody/twoLegVar/build/walkerVis.o 0.7 0.0964537380216 0.25 0.309161592516 0.0856963371795 0.0720738152321 1673.29175663 14295.6993952 691.493860615 1524.94791842 263.987855562 82.2549992367 0.7 0.1 0.1 376.650895576 0.25 0.368964910364 0.409192564492 0.0116577923117 -0.00248194485732

bump 12 >>> tripod
currentGen:
726_3
maxFitness:
9.44255
../simbody/twoLegVar/build/walkerVis.o 0.405452725819 0.0616268467192 0.368728897529 0.378216627532 0.101483244434 0.116083202937 2387.6351437 19578.3629819 526.393388239 1241.4684977 291.29187605 66.5721810302 0.7 0.1 0.1 306.863840675 0.216097922739 0.260780479343 0.342036500517 0.0113150910352 -0.0027083415695

bump 13 >>> tripod
currentGen:
750_5
maxFitness:
9.46586
../simbody/twoLegVar/build/walkerVis.o 0.545347224467 0.105274329741 0.264127068546 0.276111121783 0.05 0.111034876234 1157.42726584 20466.0122863 546.264998515 2000 246.018524294 86.4165499888 0.7 0.1 0.1 334.419688636 0.25 0.323967323214 0.316368537089 0.00564169055764 -0.00171758405122

bump 14 >>> tripod
currentGen:
773_13
maxFitness:
9.66712
../simbody/twoLegVar/build/walkerVis.o 0.492821258128 0.05 0.291120333898 0.308226693203 0.0895413062524 0.0985418245913 1657.13748011 16249.3961358 513.655277996 2000 277.69435978 80.2703051476 0.7 0.1 0.1 393.795730686 0.23797558813 0.288486910207 0.293529934725 0.00952831315774 -0.0027489513966

bump 15 >>> tripod
currentGen:
808_7
maxFitness:
10.1469
../simbody/twoLegVar/build/walkerVis.o 0.453209399024 0.05 0.280205956181 0.269603522212 0.0769471871619 0.128772850373 1846.63876076 14434.9949743 546.91415331 1536.61829937 300 72.8920636706 0.7 0.1 0.1 231.161185667 0.25 0.268685157631 0.240742500182 0.014734135445 -0.00249845250993

bump 16 >>> tripod
currentGen:
937_2
maxFitness:
10.2295
../simbody/twoLegVar/build/walkerVis.o 0.420180400486 0.05 0.369155097957 0.294403452 0.0744812683428 0.0873270795317 3033.85533254 16866.4242158 512.660683054 1112.01640606 300 89.8802841834 0.7 0.1 0.1 291.088943283 0.194141329554 0.183209531804 0.188079234936 0.0149769975805 -0.00308330147871

bump 17 >>> tripod
currentGen:
976_7
maxFitness:
11.1141
../simbody/twoLegVar/build/walkerVis.o 0.614458206703 0.05 0.25 0.301620627845 0.125018966708 0.136813174659 3137.51896493 15753.0640062 454.804291369 1594.16401374 300 74.1380891345 0.7 0.1 0.1 227.360295068 0.235590504761 0.259842947513 0.298426844268 0.0171354859348 -0.00308692868411

bump 18 >>> tripod
currentGen:
1009_12
maxFitness:
11.3236
../simbody/twoLegVar/build/walkerVis.o 0.5 0.05 0.325 0.278759091302 0.0941622797241 0.1316247291 2580.46844964 16890.7774477 599.571051446 1949.09494228 300 85.0317841304 0.7 0.1 0.1 207.291861905 0.25 0.232261394815 0.264794754781 0.00892253869822 -0.00331832510639

bump 19 >>> tripod
currentGen:
1051_11
maxFitness:
11.7977
../simbody/twoLegVar/build/walkerVis.o 0.5 0.05 0.334526932353 0.217540558569 0.0945198826486 0.10630937114 2140.42216811 17715.3842894 568.006071317 1372.14342268 295.45311862 63.6198009435 0.7 0.1 0.1 223.98318827 0.219120183384 0.278586033919 0.267136217454 0.0133561253032 -0.00234039771614

bump 20 >>> tripod
currentGen:
1052_9
maxFitness:
12.2056
../simbody/twoLegVar/build/walkerVis.o 0.5 0.05 0.39676410196 0.25492199164 0.129362757163 0.106905626985 3411.66720029 16669.0074857 561.650862354 1496.65619974 282.719484534 83.0353065712 0.7 0.1 0.1 290.111200714 0.149647692296 0.259842947513 0.298426844268 0.0144966359976 -0.00302035053813

bump 21 >>> tripod
currentGen:
1165_14
maxFitness:
14.2446
../simbody/twoLegVar/build/walkerVis.o 0.5 0.05 0.25 0.292770777454 0.0835078286792 0.136745332154 3058.35574728 13105.0557272 396.764025563 1828.37747715 171.227027269 98.4349784542 0.7 0.1 0.1 239.214493968 0.21972506833 0.217246084395 0.23517687591 0.0126923239472 -0.00271319359836

bump 22 >>> tripod
currentGen:
1587_1
maxFitness:
14.9504
../simbody/twoLegVar/build/walkerVis.o 0.3 0.0827853945546 0.276328569388 0.266928657627 0.0628070475355 0.128775175959 4091.40228619 10783.5059483 472.931476351 1981.47280745 288.794820266 72.4822733002 0.7 0.1 0.1 217.023628587 0.229814673872 0.1868821888 0.208005519321 0.0211962643195 -0.00286023949224

bump 23 >>> tripod
currentGen:
1900_15
maxFitness:
15.1812
../simbody/twoLegVar/build/walkerVis.o 0.3 0.0793205239019 0.384214922811 0.153766358761 0.0626090333121 0.108785880619 3531.74747646 17288.8883315 623.271307477 2000 195.398413572 73.3561481903 0.7 0.1 0.1 263.960072374 0.25 0.205244696654 0.199656072626 0.0145340037253 -0.00315160439624

count: 23


2400
>>>

3200
>>>

3999
>>>