(base) lima@lima-OptiPlex-7060:~/Desktop/Case$ python2 heatmap.py ./case2/fitnessOutput-05_31_17_11_40 
bump 1 >>> tripod
currentGen:
0_0
maxFitness:
4.8763

bump 2 >>> bipedal-tripod
currentGen:
1_15
maxFitness:
5.27959
../simbody/twoLegVar/build/walkerVis.o 0.727102963911 0.0884684360405 0.39911436226 0.296969062822 0.0721472349468 0.0572239878544 1842.09113534 5185.33126921 1029.477286 2000 272.716590399 123.166716429 0.7 0.1 0.1 218.712143641 0.25 0.714854719211 0.521959326064 0.018594752317 -0.00143570491423

bump 3 >>> biped
currentGen:
10_11
maxFitness:
5.75715
../simbody/twoLegVar/build/walkerVis.o 0.496891020705 0.0632084874973 0.4 0.4 0.0565056973393 0.0683707580191 1675.54450054 6137.93337301 605.068234649 1457.84845343 300 89.6670112206 0.7 0.1 0.1 174.898305302 0.234646096498 0.659229976299 0.439703202566 0.0150331850638 -0.00205956930942

bump 4 >>> tripod
currentGen:
29_11
maxFitness:
6.74652
../simbody/twoLegVar/build/walkerVis.o 0.77544824684 0.143317297429 0.25 0.382361308436 0.069712574065 0.0621756654386 1260.7766728 6496.88366117 878.000589138 1312.82987205 221.804794737 107.782551486 0.7 0.1 0.1 307.837422724 0.25 0.433782579461 0.544510886508 0.0192220841999 -0.00242931692253

bump 5 >>> tripod
currentGen:
151_10
maxFitness:
8.64859
../simbody/twoLegVar/build/walkerVis.o 0.607904646008 0.117883617048 0.25 0.301360534126 0.108560053065 0.0692708084685 1842.98797756 5539.10398724 931.169010092 2000 268.650834096 100.431695648 0.7 0.1 0.1 300.612981335 0.25 0.378703275249 0.476925976684 0.0138389504254 -0.00222843258388

bump 6 >>> tripod
currentGen:
775_16
maxFitness:
8.83195
../simbody/twoLegVar/build/walkerVis.o 0.7 0.0810886503993 0.277958146758 0.366881731945 0.105298258087 0.0754437097457 1228.07687701 10450.8753437 598.527089961 1975.23374886 300 95.4445934119 0.7 0.1 0.1 453.215074186 0.25 0.396107510769 0.442492343892 0.0166286087787 -0.00191876070223

bump 7 >>> tripod
currentGen:
989_11
maxFitness:
8.98825
../simbody/twoLegVar/build/walkerVis.o 0.7 0.0860912020712 0.25 0.308940138912 0.107863245176 0.0858018462056 1704.03656275 8191.31560094 948.571128481 2000 300 92.2777025556 0.7 0.1 0.1 309.183586761 0.25 0.378896935243 0.465866404157 0.023942016785 -0.000827110490948

bump 8 >>> tripod
currentGen:
1368_14
maxFitness:
9.29019
../simbody/twoLegVar/build/walkerVis.o 0.5 0.140897928743 0.25 0.299956787252 0.105574211949 0.0828991119649 1571.83971165 5851.66973103 987.666147475 1091.75848856 300 102.79901874 0.7 0.1 0.1 436.636370397 0.25 0.374254104426 0.47544930845 0.0168429712601 -0.00127765116495

count: 8

2400
>>>

3200
>>>

3999
>>>
