(base) lima@lima-OptiPlex-7060:~/Desktop/Case$ python2 heatmap.py ./case3/fitnessOutput-06_14_14_29_09 
bump 1 >>> tripod
currentGen:
0_0
maxFitness:
4.8763

bump 2 >>> bipedal-tripod
currentGen:
4_1
maxFitness:
5.01725
../simbody/twoLegVar/build/walkerVis.o 0.771191069121 0.0991283078364 0.370987870218 0.250750117782 0.0545012158624 0.100220144523 1522.35788883 10963.7110707 330.010667989 1429.72329572 215.426731128 85.9580141815 0.7 0.1 0.1 193.89140973 0.203554505422 0.509458646084 0.454081814812 0.00735288528526 -0.00160521032906

bump 3 >>> biped
currentGen:
13_12
maxFitness:
5.58684
../simbody/twoLegVar/build/walkerVis.o 0.150257244233 0.114937582517 0.4 0.327510510052 0.0566292395989 0.0624484835166 1905.82896697 10820.6708839 909.519907373 899.013988555 280.360730366 92.2418910475 0.7 0.1 0.1 206.519598583 0.19487745875 0.666584321595 0.394991080144 0.0157588366817 -0.00164514684153

bump 4 >>> tripod
currentGen:
15_8
maxFitness:
6.36797
../simbody/twoLegVar/build/walkerVis.o 0.647418452288 0.129100349335 0.36506422559 0.3190444363 0.0674453378359 0.0587586308028 1532.40210941 13019.6802198 704.184232103 1700.34618278 294.990941291 87.4138872595 0.7 0.1 0.1 109.18721257 0.25 0.388564049663 0.437778189594 0.00946932948579 -0.00155615605571

bump 5 >>> tripod
currentGen:
95_3
maxFitness:
6.52204
../simbody/twoLegVar/build/walkerVis.o 0.499944763629 0.150193457995 0.381740342147 0.239937873036 0.0714123959212 0.0954739238931 987.734460806 8940.7607386 645.706235318 1214.69822319 141.487768488 83.3836214443 0.7 0.1 0.1 240.845144811 0.25 0.506778845315 0.413457300154 0.0107407881269 -0.00132426667721

bump 6 >>> biped
currentGen:
139_2
maxFitness:
7.53612
../simbody/twoLegVar/build/walkerVis.o 0.37424548515 0.0985648752664 0.25 0.379467381079 0.0500332537894 0.05 2808.89591149 5871.26328097 1007.80169122 1348.64609147 277.126482777 48.8067436462 0.7 0.1 0.1 268.359537028 0.25 0.575073166029 0.430505804752 0.0145704499917 -0.000541366313374

bump 7 >>> biped
currentGen:
258_11
maxFitness:
7.9235
../simbody/twoLegVar/build/walkerVis.o 0.228862667725 0.109726259013 0.316312279239 0.372304539276 0.109518158432 0.05 3367.99875252 6838.19120501 740.824234191 1290.7160299 300 43.6793313733 0.7 0.1 0.1 272.975583353 0.203231598891 0.548386706643 0.43981539079 0.0132996224634 -0.000922118485046

bump 8 >>> biped
currentGen:
286_4
maxFitness:
10.1518
../simbody/twoLegVar/build/walkerVis.o 0.164255513437 0.141494186803 0.4 0.374603870457 0.0812623249793 0.05 3100.26319157 8779.50907654 553.994463014 1137.30350708 262.000040387 32.2435463706 0.7 0.1 0.1 320.287541355 0.231382664325 0.695114197725 0.392939714548 0.00827537620354 -0.00100654014992

bump 9 >>> biped
currentGen:
570_11
maxFitness:
10.3898
../simbody/twoLegVar/build/walkerVis.o 0.142831057387 0.139654170592 0.4 0.364893335186 0.05 0.05 3367.01977998 6748.94106023 604.087842718 748.310918141 248.392966296 42.5478503891 0.7 0.1 0.1 374.363857876 0.25 0.676170278364 0.402368894328 0.0135337185794 0.00014285376988

bump 10 >>> biped
currentGen:
618_9
maxFitness:
12.2591
../simbody/twoLegVar/build/walkerVis.o 0.05 0.191122378092 0.4 0.4 0.05 0.0535233655047 3612.0914897 3471.46903094 477.878139883 145.475912017 276.688597813 20.5642369998 0.7 0.1 0.1 331.839063767 0.220940358874 0.521603187643 0.502521632454 0.00749445639665 0.000223862859567

bump 11 >>> biped
currentGen:
822_15
maxFitness:
13.1625
../simbody/twoLegVar/build/walkerVis.o 0.05 0.167993186358 0.305310632784 0.148925090675 0.0504974449946 0.05 2795.09908046 11080.5363107 278.242066025 556.54314477 238.946189287 24.157634097 0.7 0.1 0.1 365.163515154 0.170391314281 0.805884578996 0.359249639657 0.00853548575998 -0.00028945004852

bump 12 >>> biped
currentGen:
1002_15
maxFitness:
13.7735
../simbody/twoLegVar/build/walkerVis.o 0.090293551648 0.135364155035 0.338223116916 0.2522527952 0.05 0.05 3633.36433548 11166.1280179 397.508338446 809.491618735 295.400871599 29.1882459593 0.7 0.1 0.1 362.245897023 0.247876073156 0.666187287969 0.361517477288 0.0144211371083 -0.000991875233443

bump 13 >>> biped
currentGen:
1126_16
maxFitness:
14.3382
../simbody/twoLegVar/build/walkerVis.o 0.05 0.197164707915 0.389961302392 0.191220748185 0.05 0.0606925112401 3499.84567076 6754.59407224 480.981444189 385.324688478 186.488554593 24.4112083812 0.7 0.1 0.1 374.180415988 0.25 0.78421760955 0.420339814255 0.0148022223605 0.000642768839598

bump 14 >>> biped
currentGen:
1392_11
maxFitness:
15.1305
../simbody/twoLegVar/build/walkerVis.o 0.111777980904 0.136004719249 0.328835824708 0.183034263745 0.05 0.05 4166.78677835 10534.9102387 455.657915378 717.558074623 196.097881261 28.3029029331 0.7 0.1 0.1 364.889960042 0.25 0.780296140632 0.446195911797 0.0123301591425 -0.00120865385701

bump 15 >>> biped
currentGen:
1707_15
maxFitness:
17.3344
../simbody/twoLegVar/build/walkerVis.o 0.05 0.182480514501 0.4 0.21894359138 0.05 0.05 3157.20921022 11030.6031171 332.234958025 774.247675599 205.52224296 24.446085628 0.7 0.1 0.1 376.144840729 0.229802921661 0.711054610597 0.382884963937 0.0192650583522 -0.000483308424684

bump 16 >>> biped
currentGen:
1938_12
maxFitness:
17.5004
../simbody/twoLegVar/build/walkerVis.o 0.05 0.182648384802 0.25 0.0923386154863 0.05 0.05 3966.94090416 10629.8008713 327.255827022 507.986344364 270.496163198 23.835162655 0.7 0.1 0.1 339.611419693 0.236536472693 0.895671747576 0.406352129704 0.0111703181406 7.43699814614e-05

bump 17 >>> biped
currentGen:
1957_11
maxFitness:
17.6913
../simbody/twoLegVar/build/walkerVis.o 0.0530163616867 0.173545689083 0.364192860635 0.166075014184 0.0555240893518 0.05 3777.27264781 8960.36104505 358.263269464 591.62921812 192.427703853 23.2375409753 0.7 0.1 0.1 401.760250201 0.237210103204 0.748681402856 0.4143752517 0.0120471505082 -0.0002168687875

bump 18 >>> biped
currentGen:
2486_15
maxFitness:
18.3064
../simbody/twoLegVar/build/walkerVis.o 0.0506565307533 0.157955305571 0.373495699356 0.204184806684 0.05 0.05 3871.01215317 11768.4403203 326.812428059 639.282857136 210.482530222 27.2387252293 0.7 0.1 0.1 503.677159476 0.218340472596 0.724687961396 0.448532611711 0.0157973111411 -0.000491337530205

bump 19 >>> biped
currentGen:
2927_13
maxFitness:
21.1338
../simbody/twoLegVar/build/walkerVis.o 0.044092542261 0.171224298275 0.25 0.080877539703 0.05 0.05 3544.22248251 9697.75469106 285.122159374 420.010483431 300 27.1280918278 0.7 0.1 0.1 375.243921918 0.190092465393 0.805265107074 0.360219056156 0.00952239409715 -0.000499941480057

count: 19

2400
>>>

3200
>>>

3999
>>>