(base) lima@lima-OptiPlex-7060:~/Desktop/Case$ python2 heatmap.py ./case3/fitnessOutput-06_13_20_20_41 
bump 1 >>> tripod
currentGen:
0_0
maxFitness:
4.8763

bump 2 >>> tripod
currentGen:
1_2
maxFitness:
5.84892
../simbody/twoLegVar/build/walkerVis.o 0.517720286746 0.218086470769 0.25 0.243037277486 0.05 0.102841858279 1458.4786929 7253.43241104 730.769659416 2000 256.022570586 95.3662976473 0.7 0.1 0.1 124.792643479 0.220489036286 0.377830057959 0.530119470596 0.0168237290255 -0.00180848741494

bump 3 >>> biped
currentGen:
37_2
maxFitness:
5.97081
../simbody/twoLegVar/build/walkerVis.o 0.0895120920947 0.184040726304 0.4 0.24024587539 0.0521438824916 0.05 1502.10407128 6332.61990701 383.465775806 1486.0791332 261.973504385 66.4429222474 0.7 0.1 0.1 227.435623685 0.25 0.535477790375 0.538284103251 0.017829652621 -0.00205552336234

bump 4 >>> biped
currentGen:
57_5
maxFitness:
6.9862
../simbody/twoLegVar/build/walkerVis.o 0.236782227719 0.135242500941 0.265929274067 0.187855335716 0.0578756637706 0.0548567544882 2327.75353448 7645.47567961 327.986340539 2000 300 80.1692989383 0.7 0.1 0.1 128.526461548 0.25 0.771797734982 0.426887592729 0.0174374768071 -0.00170429401223

bump 5 >>> biped
currentGen:
92_11
maxFitness:
7.30008
../simbody/twoLegVar/build/walkerVis.o 0.395317140144 0.148187000553 0.26693424888 0.270363970574 0.064928256743 0.0668307705571 1928.64490399 8247.27812797 572.749367036 1577.68437439 276.14474117 64.650518513 0.7 0.1 0.1 213.912680576 0.244428377703 0.896505737191 0.408590827182 0.0167487735075 -0.00242279836605

bump 6 >>> biped
currentGen:
155_15
maxFitness:
8.34287
../simbody/twoLegVar/build/walkerVis.o 0.05 0.214942061859 0.4 0.348923139516 0.0556870852799 0.0667587376138 1643.42887225 6212.32144677 477.892848031 752.040086548 300 37.6608742727 0.7 0.1 0.1 302.431732283 0.25 0.609185628261 0.352845109683 0.0161404305976 -0.00213790923543

bump 7 >>> biped
currentGen:
211_10
maxFitness:
8.7051
../simbody/twoLegVar/build/walkerVis.o 0.12566992111 0.162623050418 0.25 0.36634201756 0.05 0.0550996979902 2432.83484245 5810.26059155 434.429880686 597.659893893 273.343323906 49.8242141314 0.7 0.1 0.1 274.147989724 0.25 0.767097043889 0.470874448029 0.0156007005896 -0.00240744044568

bump 8 >>> biped
currentGen:
232_7
maxFitness:
10.8064
../simbody/twoLegVar/build/walkerVis.o 0.05 0.229247851544 0.25 0.296890798708 0.077435491448 0.0652902978364 1796.95774131 8085.00019838 373.298168081 593.571911896 290.214480679 28.8663890866 0.7 0.1 0.1 358.087607606 0.25 0.763005268148 0.375067296938 0.016617251046 -0.00209909269478

bump 9 >>> biped
currentGen:
248_15
maxFitness:
11.1514
../simbody/twoLegVar/build/walkerVis.o 0.05 0.263587586432 0.359273574692 0.4 0.0586735421639 0.060877043292 2136.12719978 7595.0281443 416.686036244 450.466697897 300 29.8598092536 0.7 0.1 0.1 355.40898146 0.245583627934 0.827182410687 0.442799498387 0.016182241756 -0.00152756526429

bump 10 >>> biped
currentGen:
330_16
maxFitness:
13.0374
../simbody/twoLegVar/build/walkerVis.o 0.05 0.219376979784 0.25 0.118290190504 0.05 0.0632841021607 2364.29012723 5333.71988883 247.220728619 746.047545613 300 23.4521179979 0.7 0.1 0.1 233.151520692 0.236915611627 0.88573416405 0.413085611687 0.0182322421254 -0.00247292725836

bump 11 >>> biped
currentGen:
472_15
maxFitness:
13.3845
../simbody/twoLegVar/build/walkerVis.o 0.05 0.248488365988 0.25 0.175142217257 0.0608549680999 0.05 1969.18181852 6012.94138831 279.518063911 456.379019557 297.854003441 28.6583790664 0.7 0.1 0.1 365.986145686 0.219807843145 0.877228590853 0.40491690603 0.0154559022718 -0.00147767585113

bump 12 >>> biped
currentGen:
563_1
maxFitness:
14.4339
../simbody/twoLegVar/build/walkerVis.o 0.05 0.243480152946 0.258396112278 0.365140058978 0.0585951681255 0.05 3052.77403537 8658.90464097 303.446516711 678.71851055 265.910888671 36.8170897377 0.7 0.1 0.1 451.356591668 0.106071954732 0.743340742689 0.482555353366 0.0254236298645 -0.00211560104628

bump 13 >>> biped
currentGen:
925_15
maxFitness:
14.8933
../simbody/twoLegVar/build/walkerVis.o 0.0620278302329 0.226325900227 0.25 0.318617859731 0.05 0.05 3140.28493305 8620.6224879 421.974886109 687.012496902 300 27.4461465648 0.7 0.1 0.1 309.154581577 0.216242801558 0.759199351101 0.422996253637 0.0165327411869 -0.0016842787834

bump 14 >>> biped
currentGen:
1008_3
maxFitness:
16.3446
../simbody/twoLegVar/build/walkerVis.o 0.05 0.21146561953 0.340952418717 0.170146932646 0.05 0.05 3447.60737295 8121.16300815 407.382228419 473.649334393 300 38.1470723164 0.7 0.1 0.1 413.953828919 0.198032434537 0.819387743588 0.394655068892 0.0220794144895 -0.00288651906459

bump 15 >>> biped
currentGen:
1983_4
maxFitness:
16.6098
../simbody/twoLegVar/build/walkerVis.o 0.05 0.184730389397 0.257146214095 0.0945438656282 0.05 0.05 4287.96855479 7059.81990485 335.933370499 574.176877202 300 30.1437233922 0.7 0.1 0.1 380.523672287 0.187198635201 0.824563397048 0.348937005108 0.0178282119244 -0.00261032087419

bump 16 >>> biped
currentGen:
2473_9
maxFitness:
18.8591
../simbody/twoLegVar/build/walkerVis.o 0.0662790932846 0.125455608505 0.25 0.174492246987 0.05 0.05 3904.00747772 8703.44469243 279.748427493 501.130698875 300 19.0783049509 0.7 0.1 0.1 481.137657761 0.148975885124 0.645459325465 0.399338169997 0.017533454802 -0.00295813455159

bump 17 >>> biped
currentGen:
2937_14
maxFitness:
19.213
../simbody/twoLegVar/build/walkerVis.o 0.0445759028087 0.179758109867 0.385610418396 0.160734211523 0.05 0.05 3571.03021418 8285.83399411 254.207849724 484.163260029 300 27.0292566908 0.7 0.1 0.1 501.370482567 0.219811226249 0.780978534593 0.361412440828 0.0252337577571 -0.00276957679846

count: 17

2400
>>>

3200
>>>

3999
>>>