(base) lima@lima-OptiPlex-7060:~/Desktop/Case$ python2 heatmap.py ./case3/fitnessOutput-06_13_00_02_04 
bump 1 >>> tripod
currentGen:
0_0
maxFitness:
4.8763

bump 2 >>> biped
currentGen:
0_2
maxFitness:
5.01501
../simbody/twoLegVar/build/walkerVis.o 0.352903036695 0.187926044733 0.25 0.229723517056 0.0771245109271 0.05 944.297666453 8738.19225835 795.465387538 1837.88555743 300 102.5503656 0.7 0.1 0.1 154.121515644 0.25 0.694521344838 0.334782486042 0.00987031040877 -0.00238110360799

bump 3 >>> biped
currentGen:
15_2
maxFitness:
5.88005
../simbody/twoLegVar/build/walkerVis.o 0.691168061471 0.0627374571234 0.25 0.329748834976 0.05 0.0764002808094 2542.56007345 3920.62689283 645.101918924 2000 178.340231062 79.4802825592 0.7 0.1 0.1 171.831913736 0.25 0.708118276836 0.550601525721 0.0158054362461 -0.00172436168255

bump 4 >>> biped
currentGen:
28_11
maxFitness:
5.89958
../simbody/twoLegVar/build/walkerVis.o 0.537238627479 0.097378123062 0.25 0.343133433416 0.05 0.143805249902 2261.15952073 3000 452.190353823 1950.29020392 186.045278557 62.0902350294 0.7 0.1 0.1 166.540991517 0.217729112465 0.708842624222 0.457749422371 0.0133205233575 -0.00182421983626

bump 5 >>> biped
currentGen:
50_13
maxFitness:
6.47717
../simbody/twoLegVar/build/walkerVis.o 0.326269608884 0.106950416402 0.330366985152 0.366685899621 0.0506598725044 0.1038769311 2513.7958417 5722.57797459 632.896843382 943.976648261 234.414499613 63.6509470216 0.7 0.1 0.1 156.02164757 0.25 0.584368686275 0.537152493235 0.0106511052719 -0.00133547338185

bump 6 >>> biped
currentGen:
89_5
maxFitness:
6.71281
../simbody/twoLegVar/build/walkerVis.o 0.271035790946 0.124631487464 0.330366985152 0.4 0.05 0.108092250047 2728.9891931 5722.57797459 634.614808463 837.051612972 300 57.3249650139 0.7 0.1 0.1 173.596220324 0.25 0.584368686275 0.428111166653 0.0112088486383 -0.000999239375737

bump 7 >>> biped
currentGen:
123_11
maxFitness:
6.9765
../simbody/twoLegVar/build/walkerVis.o 0.298157691821 0.1102825079 0.337791518698 0.348326001472 0.05 0.132992231898 2526.673869 4363.63025754 635.421454682 1066.51309065 291.121748321 47.0385079702 0.7 0.1 0.1 201.426235243 0.25 0.621691155944 0.592954102545 0.0145007507597 -0.000623029805758

bump 8 >>> biped
currentGen:
131_4
maxFitness:
8.08774
../simbody/twoLegVar/build/walkerVis.o 0.357302744495 0.108652871241 0.268190412025 0.187214863475 0.0612300319804 0.0920033048003 2458.98642682 3000 487.368949342 1542.88142324 215.726342388 41.845761445 0.7 0.1 0.1 137.983070864 0.244294364807 0.521754623387 0.387657648971 0.0149230218024 -0.00136045048012

bump 9 >>> biped
currentGen:
204_14
maxFitness:
8.11843
../simbody/twoLegVar/build/walkerVis.o 0.375273567148 0.139742286127 0.25 0.328788441272 0.0830800189892 0.141505277559 2433.60498322 6624.26211806 595.867576561 1335.17779745 297.109627519 41.6884951702 0.7 0.1 0.1 261.105087303 0.166200366502 0.572425518884 0.45055897406 0.0173291793215 -0.00161970458555

bump 10 >>> biped
currentGen:
245_5
maxFitness:
8.48579
../simbody/twoLegVar/build/walkerVis.o 0.05 0.139707444717 0.361234886798 0.385909558719 0.05 0.09463305687 2234.23633626 7013.16064898 755.809355312 597.878981372 300 22.7964927083 0.7 0.1 0.1 213.850086542 0.25 0.671046253758 0.403639522567 0.0183592685289 -0.00146656982437

bump 11 >>> biped
currentGen:
293_6
maxFitness:
9.89004
../simbody/twoLegVar/build/walkerVis.o 0.0502765175385 0.154389715383 0.4 0.365785807351 0.05 0.073473469662 2746.11162675 6795.90749857 621.490472512 669.416466838 255.843312874 22.4114199263 0.7 0.1 0.1 392.756388161 0.25 0.58812464479 0.37698585787 0.0160464857028 -0.00142364887356

bump 12 >>> biped
currentGen:
353_8
maxFitness:
10.4343
../simbody/twoLegVar/build/walkerVis.o 0.05 0.159719759082 0.295888586811 0.4 0.05 0.0523604852627 2902.75274997 8679.50705614 653.50916391 532.480644691 264.259671924 16.2587759397 0.7 0.1 0.1 294.048164874 0.25 0.532041658762 0.434140287334 0.0143882647539 -0.00087593777194

bump 13 >>> biped
currentGen:
445_8
maxFitness:
12.7003
../simbody/twoLegVar/build/walkerVis.o 0.0580307315005 0.165537288385 0.28783932884 0.4 0.0673623040861 0.05 2766.52867536 7527.60422025 526.541413163 486.266546022 286.79402772 19.6904782004 0.7 0.1 0.1 294.048164874 0.25 0.580361407227 0.380494111422 0.0143882647539 -0.000179690852305

bump 14 >>> biped
currentGen:
815_1
maxFitness:
14.7846
../simbody/twoLegVar/build/walkerVis.o 0.05 0.215964109327 0.25 0.205761295355 0.05 0.05 1781.59133952 10682.081776 316.643057834 558.523791692 264.023684589 29.9767098793 0.7 0.1 0.1 339.995830837 0.25 0.814759366722 0.393153429476 0.0167027596314 -0.00225415081142

bump 15 >>> biped
currentGen:
1103_14
maxFitness:
15.9868
../simbody/twoLegVar/build/walkerVis.o 0.05 0.20757640904 0.25 0.210130480133 0.05 0.0754566446149 2387.78800821 10029.499999 241.643473621 546.167458682 296.965319409 34.8249980445 0.7 0.1 0.1 331.409927404 0.206846763934 0.672511909969 0.377872127005 0.0223163098067 -0.00249074040879

bump 16 >>> biped
currentGen:
1724_6
maxFitness:
16.4722
../simbody/twoLegVar/build/walkerVis.o 0.05 0.190000991851 0.321841734955 0.189594456175 0.05 0.05 3495.57536115 6845.29221123 338.217945086 566.629746379 300 31.2161480475 0.7 0.1 0.1 358.039834754 0.108805435714 0.759981996159 0.40361894538 0.027823128485 -0.00189591001105

bump 17 >>> biped
currentGen:
2503_0
maxFitness:
16.5474
../simbody/twoLegVar/build/walkerVis.o 0.05 0.176122096766 0.304029409414 0.115655019767 0.05 0.0572753364588 3965.45137199 4794.59606173 382.56491554 521.624552048 300 26.780581306 0.7 0.1 0.1 363.973387385 0.25 0.805407030462 0.374318547085 0.0263848603106 -0.00107820562959

bump 18 >>> biped
currentGen:
2640_13
maxFitness:
18.2555
../simbody/twoLegVar/build/walkerVis.o 0.0663927742583 0.137108886653 0.4 0.153746607998 0.05 0.05 3745.86918467 8191.19510195 318.100160744 516.615374413 300 40.8692283562 0.7 0.1 0.1 348.734598823 0.25 0.672775791001 0.360345028054 0.0239606939825 -0.00132776426943

bump 19 >>> biped
currentGen:
3978_9
maxFitness:
20.4203
../simbody/twoLegVar/build/walkerVis.o 0.05 0.170116531428 0.4 0.173203591848 0.05 0.05 4271.42849871 11425.8885644 382.607690468 622.912517918 300 27.0507213062 0.7 0.1 0.1 387.699651731 0.215190671726 0.751314151113 0.377450217457 0.0230848731357 -0.00214686132032

count: 19

2400
>>>

3200
>>>

3999
>>>